  -31.94115    
  -31.94115    
  -31.89249    
  -31.89249    
  -31.89249    
  -31.66725    
  -31.66725    
  -31.66725    
  -31.66725    
  -31.66725    
  -23.7517955587240     
  -36.1623461530538     
  -4.203111    
  -3.920001    
   1.184187    
         158
  0.0000000E+00
  0.0000000E+00
  0.0000000E+00
  0.0000000E+00
  0.0000000E+00
  0.0000000E+00
  0.0000000E+00
  0.0000000E+00
  0.0000000E+00
  0.0000000E+00
 -0.2207373    
  0.0000000E+00
  0.0000000E+00
  0.0000000E+00
 -0.2849806    
  0.0000000E+00
  0.0000000E+00
 -0.7582687    
  0.0000000E+00
 -0.3184285    
  0.0000000E+00
 -0.5749038    
  0.0000000E+00
  0.0000000E+00
  0.0000000E+00
 -0.8072121    
 -0.7940949    
  0.0000000E+00
  0.0000000E+00
  0.0000000E+00
 -0.6843710    
  0.0000000E+00
  0.0000000E+00
  0.0000000E+00
  0.0000000E+00
 -0.3993637    
  0.0000000E+00
 -0.2674993    
  0.0000000E+00
  0.0000000E+00
  0.0000000E+00
   1.261922    
 -0.6907648    
  0.0000000E+00
  0.0000000E+00
  0.0000000E+00
 -0.6244013    
  0.0000000E+00
  0.0000000E+00
  0.0000000E+00
  0.0000000E+00
 -0.4007988    
  0.0000000E+00
 -0.4990318    
  0.0000000E+00
  0.0000000E+00
  0.0000000E+00
  0.0000000E+00
  0.0000000E+00
  0.0000000E+00
  0.0000000E+00
  0.0000000E+00
  0.0000000E+00
  0.0000000E+00
  0.0000000E+00
  0.0000000E+00
  0.0000000E+00
  0.0000000E+00
  0.0000000E+00
  0.0000000E+00
  0.0000000E+00
  0.0000000E+00
  0.0000000E+00
  0.0000000E+00
 -0.4312971    
  0.0000000E+00
  0.0000000E+00
  0.0000000E+00
  0.0000000E+00
  0.0000000E+00
  0.0000000E+00
  0.0000000E+00
  0.0000000E+00
  0.0000000E+00
  0.0000000E+00
 -0.5713987    
  0.0000000E+00
  0.0000000E+00
  0.0000000E+00
 -0.7191020    
 -0.3892983    
  0.0000000E+00
  0.0000000E+00
  0.0000000E+00
 -0.2811349    
  0.0000000E+00
  0.0000000E+00
  0.0000000E+00
  0.0000000E+00
  0.0000000E+00
  0.0000000E+00
 -0.5966541    
  0.0000000E+00
  0.0000000E+00
  0.0000000E+00
 -0.3715480    
  0.0000000E+00
  0.0000000E+00
  0.0000000E+00
  0.0000000E+00
 -0.8460824    
  0.0000000E+00
  0.0000000E+00
 -0.3732341    
  0.0000000E+00
 -0.3287137    
  0.0000000E+00
 -0.5690643    
  0.0000000E+00
  0.0000000E+00
  0.0000000E+00
 -5.8511920E-02
  0.0000000E+00
  0.0000000E+00
  0.0000000E+00
  0.0000000E+00
  0.0000000E+00
  0.0000000E+00
       10000
