  -20.17261    
  -20.17261    
  -20.17261    
  -20.03493    
  -20.03493    
  -20.03493    
  -20.03493    
  -20.03493    
  -20.03493    
  -20.03493    
  -12.2528804113227     
  -17.7000425626593     
  -3.773447    
  -2.380000    
   1.543143    
          17
 -0.9777786    
  0.0000000E+00
  0.0000000E+00
 -0.9787977    
  0.0000000E+00
  0.0000000E+00
  0.0000000E+00
  -1.543137    
  0.0000000E+00
  0.0000000E+00
  -1.047558    
  0.0000000E+00
  0.0000000E+00
  0.0000000E+00
  -1.159285    
  0.0000000E+00
  0.0000000E+00
  0.0000000E+00
  0.0000000E+00
  0.0000000E+00
 -0.5576046    
  -1.077161    
  0.0000000E+00
  0.0000000E+00
 -0.3026158    
  0.0000000E+00
  0.0000000E+00
 -0.5994419    
 -0.6121362    
  0.0000000E+00
  0.0000000E+00
  -1.630868    
  0.0000000E+00
  0.0000000E+00
 -0.3486685    
  -1.139847    
  0.0000000E+00
  0.0000000E+00
  -1.397635    
  0.0000000E+00
  0.0000000E+00
  0.0000000E+00
  -1.316731    
  0.0000000E+00
  0.0000000E+00
 -0.6824740    
  0.0000000E+00
  0.0000000E+00
  0.0000000E+00
  0.0000000E+00
  0.0000000E+00
  0.0000000E+00
 -0.9722855    
  0.0000000E+00
  0.0000000E+00
 -0.3442144    
       10000
