           3           3 -0.509988537656056      IVFVDDF
           3           5  -5.96964268049408      IVFVDDA
           3           6  -5.96964268049408      IVFVDDA
           3           7  -10.5317473808653      IVFVDAD
           4           2  -12.3692345566553      VVFVADD
           4           3  -12.3692345566553      VVFVADD
           4           4  -12.3692345566553      VVFVADD
           4           5  -12.3692345566553      VVFVADD
           4           6  -12.3692345566553      VVFVADD
           4           7  -12.3692345566553      VVFVADD
           5           1  -12.3692345566553      VVFVADD
           5           2  -12.3692345566553      VVFVADD
           5           3  -12.3692345566553      VVFVADD
           5           4  -12.3692345566553      VVFVADD
           5           5  -12.3692345566553      VVFVADD
           5           6  -12.3692345566553      VVFVADD
          15           1  -14.7454483688244      VVKFVAD
          15           2  -14.7454483688244      VVKFVAD
          16           1  -16.5481222337707      VVKFVAD
          23           4  -16.7069384586421      VVKFVAD
          23           5  -16.7069384586421      VVKFVAD
          23           6  -16.7069384586421      VVKFVAD
          23           7  -16.7069384586421      VVKFVAD
          24           1  -16.8602286665273      VVKFVAE
         104           2  -16.8661034827510      VVVIKAE
         104           6  -18.2124447994730      VVKIVAE
         104           7  -18.2124447994730      VVKIVAE
         105           1  -18.4106042182116      KVVIVAE
         233           1  -18.6858130774772      VIKVVGD
         238           6  -18.6862941965816      KFVVIGD
        1131           4  -18.8623971899053      KWIIDGG
        1131           5  -18.8623971899053      KWIIDGG
        1131           6  -18.8623971899053      KWIIDGG
        1131           7  -18.8623971899053      KWIIDGG
        1132           1  -18.8623971899053      KWIIDGG
        1132           2  -18.8623971899053      KWIIDGG
        1132           3  -18.8623971899053      KWIIDGG
        1132           4  -18.8623971899053      KWIIDGG
        1132           5  -18.8623971899053      KWIIDGG
        1132           6  -18.8623971899053      KWIIDGG
        1132           7  -18.8623971899053      KWIIDGG
        1133           1  -18.8623971899053      KWIIDGG
        1133           2  -18.8623971899053      KWIIDGG
        1516           4  -19.0309310957599      VWKVVGD
        1887           5  -19.3803589221744      KWMVVGD
        3618           1  -19.6606935796431      KWVVVGD
        3911           2  -20.0349324391482      VWKVVGE
        3917           7  -20.1726132689518      VWKVVGD
        3918           1  -20.1726132689518      VWKVVGD
        3918           2  -20.1726132689518      VWKVVGD
