---100 unique peptides with best score (energy profile)---
 step Sequence  Score  E_bind  S_bind  I_hydrophobic  I_propensity  G_bind  Pagg  rmsd_x  rmsd_y  rmsd_z  rmsd  Counts
 3917  VWKVVGD -20.17  -22.94   -3.06          -1.29          1.44  -19.88  0.15    0.20    0.00    0.74  0.76      22
 3911  VWKVVGE -20.03  -23.51   -3.45          -1.11          1.10  -20.06 -0.01    0.20    0.00    0.74  0.76      30
 6816  VWKVMGD -19.97  -23.96   -4.21          -1.31          1.42  -19.75  0.11    0.37    0.09    0.83  0.92      43
 4006  KWVVVGD -19.73  -23.41   -3.86          -1.29          1.38  -19.55  0.09    0.20    0.00    0.60  0.63      17
 6836  VWKVMGE -19.71  -24.34   -4.53          -1.13          1.08  -19.81 -0.05    0.37    0.09    0.83  0.92      23
 1887  KWMVVGD -19.38  -23.28   -4.00          -1.31          1.36  -19.27  0.05    0.01    0.00    0.80  0.80      22
 5064  KWMVVGE -19.33  -24.09   -4.55          -1.13          1.02  -19.54 -0.11    0.33    0.06    0.68  0.76       8
 1895  KWVVMGD -19.10  -23.82   -4.82          -1.31          1.36  -19.00  0.05    0.01    0.00    0.80  0.80      30
 3918  KWVVVGE -19.03  -23.74   -4.57          -1.11          1.04  -19.17 -0.07    0.20    0.00    0.74  0.76      15
 1131  KWIIDGG -18.86  -22.63   -3.65          -1.23          1.17  -18.98 -0.06    0.02    0.00    0.64  0.64      24
 6199  KFIVVGD -18.74  -20.79   -2.06          -1.46          1.47  -18.72  0.01    0.37    0.05    0.60  0.71      26
  238  KFVVIGD -18.69  -21.56   -2.88          -1.46          1.47  -18.67  0.01    0.00    0.00    0.00  0.00       4
 4000  KIVVVGD -18.60  -21.11   -2.21          -1.60          1.45  -18.90 -0.15    0.20    0.00    0.60  0.63      13
 2043  KIIVVGE -18.53  -22.23   -3.09          -1.30          1.00  -19.14 -0.30    0.03    0.00    0.80  0.80      15
 8690  VMKIVGD -18.49  -21.53   -2.86          -1.58          1.49  -18.68 -0.09    0.47    0.29    0.71  0.90       1
 5079  VWKVEGM -18.44  -22.62   -4.20          -1.13          1.14  -18.42  0.01    0.33    0.06    0.68  0.76      38
 6201  VFKVVGD -18.44  -20.32   -1.92          -1.62          1.64  -18.40  0.02    0.37    0.05    0.60  0.71      18
 6808  MWKVVGE -18.42  -22.95   -4.43          -1.13          1.08  -18.52 -0.05    0.37    0.09    0.83  0.92       3
 2042  KFIVVGE -18.36  -21.84   -3.18          -1.28          1.13  -18.67 -0.15    0.03    0.00    0.80  0.80       9
  105  KVMIVAE -18.34  -23.65   -4.59          -0.98          0.62  -19.05 -0.36    0.00    0.00    0.00  0.00       1
 8695  VIIVKGD -18.31  -21.68   -3.07          -1.48          1.33  -18.60 -0.15    0.47    0.29    0.71  0.90       4
 6855  VFKVMGD -18.22  -22.05   -3.86          -1.60          1.62  -18.19  0.02    0.37    0.09    0.83  0.92      11
  104  VVKIVAE -18.21  -22.37   -3.54          -1.00          0.70  -18.82 -0.30    0.00    0.00    0.00  0.00       1
 9758  VWKIAGD -18.19  -22.63   -3.42          -1.43          0.93  -19.20 -0.50    0.53    0.31    0.85  1.05       6
 1140  EWIIKGG -18.15  -23.58   -5.00          -1.05          0.83  -18.58 -0.22    0.02    0.00    0.64  0.64       6
 6843  VFKVMGE -18.14  -22.47   -4.05          -1.42          1.28  -18.42 -0.14    0.37    0.09    0.83  0.92       5
 6796  VWVVKGD -18.14  -21.74   -3.78          -1.29          1.38  -17.96  0.09    0.37    0.09    0.83  0.92       9
 1231  IWKIEGG -18.13  -24.00   -5.54          -1.05          0.89  -18.46 -0.16    0.02    0.00    0.64  0.64      48
 6196  VIKVVGD -18.10  -20.87   -2.58          -1.60          1.50  -18.29 -0.10    0.37    0.05    0.60  0.71       9
 1141  KWIIEGG -18.09  -23.12   -4.59          -1.05          0.83  -18.52 -0.22    0.02    0.00    0.64  0.64      41
 9266  KFVVVGD -18.04  -20.21   -2.09          -1.62          1.58  -18.12 -0.04    0.46    0.31    0.78  0.96       7
 8984  VIKVMGD -18.01  -22.09   -3.90          -1.58          1.49  -18.20 -0.09    0.46    0.29    0.78  0.95      16
 6841  VIKVMGE -18.00  -22.57   -4.06          -1.40          1.15  -18.50 -0.25    0.37    0.09    0.83  0.92       3
 3987  KIVVIGD -17.97  -21.24   -2.98          -1.48          1.33  -18.26 -0.15    0.20    0.00    0.60  0.63       7
 8063  VIKVIGD -17.92  -21.12   -3.01          -1.48          1.39  -18.10 -0.09    0.46    0.21    0.71  0.87       3
 6859  IIKVMGD -17.92  -22.65   -4.48          -1.50          1.37  -18.17 -0.13    0.37    0.09    0.83  0.92       6
 5067  EWVVKGM -17.86  -22.15   -4.19          -1.13          1.08  -17.96 -0.05    0.33    0.06    0.68  0.76       2
 5096  VWKVDGM -17.85  -21.32   -3.80          -1.31          1.47  -17.52  0.16    0.33    0.06    0.68  0.76       4
 9774  IFKVVGD -17.84  -21.09   -3.38          -1.46          1.52  -17.71  0.06    0.53    0.31    0.85  1.05       3
 8367  KMIVVGD -17.83  -20.95   -2.82          -1.58          1.43  -18.13 -0.15    0.46    0.21    0.71  0.87       6
 2035  KIIVVGD -17.83  -21.19   -3.07          -1.48          1.33  -18.12 -0.15    0.03    0.00    0.80  0.80       9
 9812  VIKMVGD -17.81  -22.23   -4.23          -1.58          1.49  -18.00 -0.09    0.53    0.29    0.85  1.04       6
 8013  KFMVVGE -17.79  -22.45   -4.26          -1.42          1.22  -18.19 -0.20    0.46    0.21    0.71  0.87       9
 8692  IIKVVGD -17.79  -21.22   -3.25          -1.48          1.39  -17.97 -0.09    0.47    0.29    0.71  0.90       3
 1989  KVIVVGD -17.76  -20.46   -2.40          -1.60          1.45  -18.06 -0.15    0.03    0.00    0.80  0.80       6
 9807  VIKLVGD -17.75  -21.82   -2.66          -1.34          0.64  -19.16 -0.70    0.53    0.29    0.85  1.04       6
 9267  KFMVVGD -17.72  -20.85   -3.06          -1.60          1.56  -17.79 -0.04    0.46    0.31    0.78  0.96       6
 6804  KWVVMGE -17.71  -23.70   -5.78          -1.13          1.02  -17.92 -0.11    0.37    0.09    0.83  0.92       7
 9814  IIKMVGD -17.70  -22.80   -4.85          -1.50          1.37  -17.95 -0.13    0.53    0.29    0.85  1.04       5
 6864  IMKVMGD -17.67  -22.25   -4.40          -1.56          1.47  -17.85 -0.09    0.37    0.09    0.83  0.92       4
 8410  IWKVAGD -17.64  -22.38   -3.72          -1.43          0.93  -18.65 -0.50    0.47    0.21    0.71  0.87      11
 1986  KIVMVGD -17.64  -22.03   -4.09          -1.58          1.43  -17.94 -0.15    0.03    0.00    0.80  0.80       7
 2029  KVIVVGE -17.62  -20.91   -2.66          -1.42          1.11  -18.25 -0.31    0.03    0.00    0.80  0.80       5
 3591  MWKVVGD -17.59  -22.21   -4.83          -1.31          1.42  -17.37  0.11    0.20    0.00    0.59  0.62       5
 9607  IWKVGGD -17.57  -21.59   -3.00          -1.85          1.34  -18.60 -0.51    0.53    0.31    0.85  1.05      19
 6192  VFKVVGE -17.57  -21.47   -3.61          -1.44          1.30  -17.86 -0.14    0.37    0.05    0.60  0.71       6
 1110  IFKIEGG -17.56  -22.17   -3.78          -1.50          1.09  -18.39 -0.41    0.02    0.00    0.64  0.64      19
 2031  KIVVVGE -17.54  -20.83   -2.67          -1.42          1.11  -18.16 -0.31    0.03    0.00    0.80  0.80       3
 8913  VIKMMGD -17.54  -22.94   -5.22          -1.56          1.47  -17.72 -0.09    0.46    0.29    0.71  0.89       4
  113  VIVIKGD -17.52  -22.24   -4.42          -1.48          1.33  -17.81 -0.15    0.00    0.00    0.00  0.00       3
 7971  KVIMVGD -17.50  -21.90   -4.11          -1.58          1.43  -17.80 -0.15    0.46    0.21    0.71  0.87       2
 6786  VWMVKGE -17.48  -23.41   -5.72          -1.13          1.02  -17.69 -0.11    0.37    0.09    0.83  0.92      17
 9269  KFLVVGD -17.47  -21.24   -2.55          -1.32          0.71  -18.69 -0.61    0.46    0.31    0.78  0.96       3
 6845  VFKVEGM -17.47  -21.67   -4.04          -1.42          1.34  -17.64 -0.08    0.37    0.09    0.83  0.92       5
 6195  VIKVVGE -17.45  -21.55   -3.59          -1.42          1.16  -17.96 -0.26    0.37    0.05    0.60  0.71       4
 1109  IFKIDGG -17.45  -20.53   -2.57          -1.68          1.43  -17.96 -0.25    0.02    0.00    0.64  0.64       9
 3990  KIVIVGD -17.44  -22.44   -4.71          -1.48          1.33  -17.73 -0.15    0.20    0.00    0.60  0.63      12
 1864  KWVVEGM -17.44  -22.75   -5.21          -1.13          1.08  -17.54 -0.05    0.01    0.00    0.80  0.80       8
 8283  KIVVEGI -17.43  -22.29   -4.36          -1.30          1.05  -17.93 -0.25    0.46    0.21    0.71  0.87       1
  233  VIKIVGD -17.43  -22.05   -4.45          -1.48          1.39  -17.61 -0.09    0.00    0.00    0.00  0.00       2
 7928  VWMVKGD -17.41  -22.25   -4.95          -1.31          1.36  -17.30  0.05    0.46    0.21    0.61  0.79       9
 6198  KVILVGD -17.41  -21.58   -2.66          -1.34          0.58  -18.93 -0.76    0.37    0.05    0.60  0.71       2
 1693  IMKIVGE -17.39  -23.51   -5.56          -1.32          1.03  -17.96 -0.29    0.02    0.00    0.80  0.80       2
 8691  IMKVVGD -17.38  -20.40   -2.83          -1.58          1.49  -17.56 -0.09    0.47    0.29    0.71  0.90       1
 2416  IVKIMDG -17.37  -22.23   -4.61          -1.50          1.37  -17.63 -0.13    0.07    0.05    0.80  0.81       6
 6907  VIKIVGE -17.37  -22.39   -4.53          -1.30          1.05  -17.86 -0.25    0.37    0.09    0.83  0.92       2
 2032  KIMVVGE -17.35  -21.68   -3.72          -1.40          1.09  -17.96 -0.31    0.03    0.00    0.80  0.80       5
 4644  KVIVVDG -17.34  -19.21   -1.56          -1.60          1.45  -17.64 -0.15    0.25    0.06    0.60  0.65       4
 3604  KWIVVGD -17.33  -22.28   -3.30          -2.09          1.27  -18.97 -0.82    0.20    0.00    0.59  0.62       7
 5072  VWEVKGM -17.33  -21.66   -4.34          -1.13          1.14  -17.32  0.01    0.33    0.06    0.68  0.76       3
 8914  IIKMMGD -17.32  -23.50   -5.84          -1.52          1.36  -17.65 -0.16    0.46    0.29    0.71  0.89       5
 9820  ILKVVGD -17.32  -20.95   -2.21          -1.34          0.64  -18.73 -0.70    0.53    0.29    0.85  1.04       1
 8006  KIMMVGD -17.32  -23.09   -5.48          -1.56          1.41  -17.61 -0.15    0.46    0.21    0.71  0.87       2
 7947  KIVIMGD -17.31  -23.10   -5.43          -1.50          1.32  -17.67 -0.18    0.46    0.21    0.61  0.79       9
 1111  IIKIEGG -17.30  -22.13   -3.78          -1.48          0.95  -18.35 -0.53    0.02    0.00    0.64  0.64      27
 3433  VKMIVEA -17.30  -23.08   -5.30          -0.98          0.73  -17.79 -0.25    0.20    0.00    0.80  0.83       2
  240  KVVVIGD -17.30  -20.10   -2.50          -1.60          1.45  -17.60 -0.15    0.00    0.00    0.00  0.00       4
 3028  KWLIEGG -17.29  -25.02   -5.87          -1.01          0.08  -19.16 -0.93    0.09    0.01    0.80  0.81      33
 3998  KIVVMGD -17.29  -21.98   -4.40          -1.58          1.43  -17.59 -0.15    0.20    0.00    0.60  0.63       6
 8408  IWKVAGE -17.26  -22.85   -4.26          -1.25          0.59  -18.59 -0.66    0.47    0.21    0.71  0.87       7
 1395  VVKIMGD -17.22  -22.19   -4.77          -1.58          1.49  -17.41 -0.09    0.02    0.00    0.76  0.76       3
 1146  DWIIKGG -17.22  -22.09   -4.75          -1.23          1.17  -17.34 -0.06    0.02    0.00    0.64  0.64      11
 7945  KIMVVGD -17.20  -20.98   -3.48          -1.58          1.43  -17.50 -0.15    0.46    0.21    0.61  0.79       3
 3617  KWLVVGD -17.20  -23.83   -3.76          -1.95          0.51  -20.08 -1.44    0.20    0.00    0.59  0.62       1
 7930  KMIVVGE -17.20  -21.91   -4.10          -1.40          1.09  -17.82 -0.31    0.46    0.21    0.61  0.79       2
 6853  VFKIMGD -17.19  -22.44   -5.30          -1.48          1.51  -17.14  0.03    0.37    0.09    0.83  0.92       1
 9611  VWKIGGD -17.18  -21.97   -3.77          -1.85          1.34  -18.20 -0.51    0.53    0.31    0.85  1.05      14
 2278  KIVLVGD -17.15  -21.68   -3.01          -1.34          0.58  -18.67 -0.76    0.07    0.00    0.80  0.81       7
 6860  VIKIMGD -17.14  -23.44   -6.05          -1.50          1.37  -17.39 -0.13    0.37    0.09    0.83  0.92       5
 1886  IWKVVGD -17.13  -22.76   -4.09          -2.09          1.32  -18.67 -0.77    0.01    0.00    0.80  0.80       4

